Post IDs:
103517251052640_1035641505271962
103517251052640_1035643671938412

Image IDs:
1035643138605132
1035638645272248
1035641081938671
1035642415271871
1035640628605383
1035642451938534
1035641198605326
1035642051938574
1035643375271775
1035640485272064
1035643588605087
1035643428605103
1035639301938849
1035643178605128
1035643515271761
1035642498605196
1035639138605532
1035640575272055
1035642375271875
1035641298605316
1035640011938778
1035639625272150
1035642805271832
1035643551938424
1035639178605528
1035638885272224
1035643471938432
1035640348605411
1035642621938517
1035639475272165
1035640141938765
1035639211938858
1035638808605565
1035642165271896
1035640231938756
1035639255272187
1035639911938788
1035643051938474
1035640071938772
1035642085271904
1035639558605490
1035641045272008
1035640541938725
1035639691938810
1035640791938700
1035642135271899
1035639728605473
1035638938605552
1035640665272046
1035643015271811
1035638591938920
1035642225271890
1035641125272000
1035641331938646
1035642331938546
1035639961938783
1035640425272070
1035640295272083
1035642661938513
1035638728605573
1035640388605407
1035642881938491
1035638835272229
1035639785272134
1035640695272043
1035639858605460
1035641241938655
1035639418605504
1035642978605148
1035643218605124
1035639058605540
1035642838605162
1035643101938469
1035643331938446
1035642758605170
1035642535271859
1035642288605217
1035642588605187
1035640855272027
1035639101938869
1035642005271912
1035642918605154
1035639348605511
1035641955271917
1035639655272147
1035638771938902
1035643271938452
1035640911938688
1035641441938635
1035643628605083
1035638541938925
1035638688605577
1035641385271974
1035642711938508
1035640175272095
1035638975272215
1035640738605372
1035642195271893
1035639378605508
1035641165271996
1035641898605256
